# name: data
# type: matrix
# rows: 100 
# columns: 2
0.237788 0.714894
0.845814 1.599162
0.585537 1.217001
0.810623 1.550640
0.484983 1.057847
0.366957 0.948783
0.910094 1.718193
0.893188 1.683852
0.631798 1.361913
0.332158 0.819127
0.502931 1.167875
0.854165 1.589275
0.108022 0.589913
0.013111 0.463703
0.101814 0.549310
0.254355 0.816873
0.896782 1.797152
0.720292 1.561963
0.928611 1.768448
0.899756 1.805410
0.324255 0.825228
0.995553 1.825589
0.708034 1.462355
0.936301 1.847716
0.105190 0.499626
0.559397 1.280181
0.078234 0.519456
0.196197 0.649138
0.638602 1.347545
0.039872 0.453258
0.077757 0.424255
0.160044 0.619633
0.688898 1.440289
0.686920 1.384871
0.465933 1.054210
0.450086 1.162143
0.086932 0.521175
0.945625 1.889582
0.120976 0.484297
0.234515 0.825035
0.437390 1.109995
0.874003 1.686391
0.944328 1.876191
0.838634 1.747282
0.586052 1.298910
0.319347 0.863253
0.904107 1.687852
0.835159 1.699127
0.491837 1.080182
0.119752 0.489301
0.426026 1.004195
0.104662 0.542776
0.623148 1.358461
0.779997 1.567602
0.989550 1.969496
0.642174 1.412734
0.956569 1.838047
0.221398 0.692023
0.810162 1.516514
0.280570 0.904689
0.367380 0.932520
0.874503 1.802207
0.990360 1.815621
0.548236 1.169782
0.771846 1.549522
0.731223 1.436265
0.473711 1.195325
0.858866 1.777458
0.399686 0.968592
0.201031 0.665948
0.336171 0.918395
0.437000 1.130377
0.643938 1.369495
0.894874 1.810152
0.637695 1.351808
0.422985 0.936284
0.608199 1.397808
0.348708 0.873625
0.411277 0.966202
0.978378 1.861610
0.682345 1.483936
0.850460 1.630987
0.602268 1.344788
0.135846 0.655568
0.377694 0.898080
0.645722 1.395638
0.561124 1.182345
0.950663 1.907441
0.423198 1.063717
0.944228 1.867220
0.760749 1.449387
0.960491 1.806310
0.735123 1.524609
0.561885 1.253277
0.702650 1.404152
0.488021 1.084004
0.718632 1.467919
0.647010 1.294659
0.044517 0.547452
0.849180 1.623544
