# name: data01
# type: matrix
# rows: 100 
# columns: 3
0.237788 0.714894 0
0.845814 1.599162 1
0.585537 1.217001 1
0.810623 1.550640 1
0.484983 1.057847 0
0.366957 0.948783 0
0.910094 1.718193 1
0.893188 1.683852 1
0.631798 1.361913 1
0.332158 0.819127 0
0.502931 1.167875 0
0.854165 1.589275 1
0.108022 0.589913 0
0.013111 0.463703 0
0.101814 0.549310 0
0.254355 0.816873 0
0.896782 1.797152 1
0.720292 1.561963 1
0.928611 1.768448 1
0.899756 1.805410 1
0.324255 0.825228 0
0.995553 1.825589 1
0.708034 1.462355 1
0.936301 1.847716 1
0.105190 0.499626 0
0.559397 1.280181 1
0.078234 0.519456 0
0.196197 0.649138 0
0.638602 1.347545 1
0.039872 0.453258 0
0.077757 0.424255 0
0.160044 0.619633 0
0.688898 1.440289 1
0.686920 1.384871 1
0.465933 1.054210 0
0.450086 1.162143 1
0.086932 0.521175 0
0.945625 1.889582 1
0.120976 0.484297 0
0.234515 0.825035 0
0.437390 1.109995 1
0.874003 1.686391 1
0.944328 1.876191 1
0.838634 1.747282 1
0.586052 1.298910 1
0.319347 0.863253 0
0.904107 1.687852 1
0.835159 1.699127 1
0.491837 1.080182 0
0.119752 0.489301 0
0.426026 1.004195 1
0.104662 0.542776 0
0.623148 1.358461 1
0.779997 1.567602 1
0.989550 1.969496 1
0.642174 1.412734 1
0.956569 1.838047 1
0.221398 0.692023 0
0.810162 1.516514 1
0.280570 0.904689 0
0.367380 0.932520 0
0.874503 1.802207 1
0.990360 1.815621 1
0.548236 1.169782 0
0.771846 1.549522 1
0.731223 1.436265 1
0.473711 1.195325 1
0.858866 1.777458 1
0.399686 0.968592 1
0.201031 0.665948 0
0.336171 0.918395 0
0.437000 1.130377 0
0.643938 1.369495 1
0.894874 1.810152 1
0.637695 1.351808 1
0.422985 0.936284 0
0.608199 1.397808 1
0.348708 0.873625 0
0.411277 0.966202 0
0.978378 1.861610 1
0.682345 1.483936 1
0.850460 1.630987 1
0.602268 1.344788 1
0.135846 0.655568 0
0.377694 0.898080 0
0.645722 1.395638 1
0.561124 1.182345 0
0.950663 1.907441 1
0.423198 1.063717 0
0.944228 1.867220 1
0.760749 1.449387 1
0.960491 1.806310 1
0.735123 1.524609 1
0.561885 1.253277 0
0.702650 1.404152 1
0.488021 1.084004 0
0.718632 1.467919 1
0.647010 1.294659 1
0.044517 0.547452 0
0.849180 1.623544 1
