# name: tr
# type: matrix
# rows: 2000
# columns: 2
3.763807 1.358530
3.711908 1.725855
3.828770 1.179592
3.304748 1.698391
3.252522 1.503609
3.433997 1.571701
3.331622 1.466728
3.865663 1.832905
3.577920 1.652088
3.128730 1.551790
3.014819 3.220806
3.124756 3.731070
3.142436 3.364495
3.117991 3.098917
3.908113 3.198415
3.466302 3.762829
3.556945 3.269120
3.579593 3.476625
3.448712 3.884341
3.265924 3.701234
1.216618 3.882395
1.820189 3.773563
1.242423 3.490691
1.341097 3.691135
1.465941 3.607022
1.483279 3.035709
1.397852 3.847123
1.846191 3.655411
1.258449 3.671395
1.581799 3.321862
3.067754 3.863731
3.047754 3.474149
3.160192 3.218239
3.725271 3.666049
3.596876 3.879459
3.581326 3.690668
3.084982 3.122639
3.472918 3.071120
3.063551 3.186050
3.419473 3.745161
2.521199 2.686892
2.047217 2.143461
2.909085 2.185753
2.809051 2.114062
2.907090 2.049143
2.791400 2.065753
2.003783 2.839154
2.539902 2.163975
2.148301 2.356082
2.830024 2.745177
0.326450 2.502259
0.526755 2.411433
0.624898 2.090582
0.482553 2.688449
0.276632 2.902026
0.524519 2.797831
0.679827 2.571736
0.032201 2.679821
0.757490 2.841251
0.793883 2.755489
0.890395 0.676192
0.821242 0.894178
0.606255 0.452053
0.149062 0.754556
0.808135 0.069995
0.590643 0.225495
0.572254 0.208306
0.636927 0.288061
0.298888 0.210389
0.067419 0.575520
0.837195 0.622506
0.593755 0.233878
0.484037 0.079676
0.236815 0.797622
0.623750 0.085218
0.101160 0.328728
0.524264 0.539283
0.605961 0.262525
0.705243 0.262163
0.299675 0.172501
2.137482 2.065950
2.098044 2.588370
2.330544 2.262063
2.301260 2.082862
2.388480 2.849541
2.530518 2.241328
2.598861 2.692525
2.443115 2.142975
2.802761 2.568787
2.470650 2.188949
1.506873 3.387454
1.754490 3.358535
1.222115 3.296376
1.663055 3.580595
1.895313 3.307494
1.815964 3.123704
1.373444 3.004917
1.712075 3.703987
1.266980 3.104243
1.786850 3.655460
1.044693 3.408277
1.896788 3.643554
1.191712 3.430813
1.786528 3.085381
1.090508 3.348087
1.274330 3.597382
1.735541 3.119729
1.046826 3.048566
1.416105 3.709880
1.629160 3.402327
1.437939 3.204992
1.751609 3.264390
1.324721 3.798434
1.312955 3.740826
1.599224 3.033025
1.234063 3.707507
1.569058 3.760094
1.280142 3.200918
1.180019 3.556765
1.099757 3.613277
1.711148 1.654056
1.182139 1.364716
1.286962 1.394553
1.209996 1.350680
1.484405 1.140658
1.504907 1.013254
1.345650 1.347425
1.277644 1.670371
1.236768 1.590599
1.502106 1.835992
3.623624 3.736168
3.634407 3.283591
3.587172 3.005459
3.484509 3.767191
3.562224 3.584266
3.471377 3.364281
3.329231 3.653516
3.728997 3.616193
3.138978 3.029902
3.057782 3.623383
2.753598 0.614231
2.821973 0.173738
2.358656 0.641879
2.789931 0.497634
2.671781 0.847713
2.211926 0.842342
2.501312 0.848564
2.449461 0.502335
2.853754 0.726951
2.740126 0.540452
0.597455 2.904818
0.850774 2.295038
0.794827 2.535597
0.579792 2.690294
0.704929 2.722646
0.238895 2.549435
0.427786 2.151777
0.723173 2.786441
0.793656 2.604013
0.374984 2.556346
3.542635 1.586910
3.489597 1.134856
3.526383 1.029967
3.637191 1.471046
3.756917 1.468226
3.102407 1.445282
3.463954 1.044091
3.740319 1.349689
3.579688 1.411020
3.130893 1.375525
0.224575 0.369788
0.015870 0.652361
0.521565 0.739043
0.529711 0.406130
0.433965 0.904695
0.053385 0.067509
0.582515 0.542982
0.202366 0.199807
0.572948 0.839557
0.670853 0.420775
3.615049 3.542128
3.053510 3.509883
3.512379 3.220569
3.017192 3.312583
3.008249 3.839720
3.546752 3.700624
3.806543 3.848430
3.157332 3.407256
3.443382 3.722938
3.580917 3.877892
1.115154 3.206865
1.860841 3.012606
1.146204 3.109081
1.419862 3.589586
1.832019 3.091688
1.558388 3.064143
1.357951 3.451301
1.396895 3.266525
1.221881 3.829446
1.514695 3.173372
2.031560 2.392585
2.739912 2.684893
2.323985 2.907245
2.032424 2.475953
2.182679 2.601629
2.636170 2.297833
2.808494 2.587920
2.310439 2.045607
2.697001 2.730300
2.635194 2.619929
2.821988 0.284491
2.684072 0.270848
2.735792 0.171876
2.537373 0.048581
2.092231 0.142977
2.221953 0.123791
2.535562 0.052775
2.808685 0.859547
2.050929 0.841109
2.426409 0.233608
1.533647 3.153488
1.531441 3.433050
1.741408 3.841880
1.478657 3.529318
1.663089 3.204760
1.240156 3.575986
1.489250 3.015137
1.846835 3.315951
1.187013 3.475117
1.364532 3.279244
2.087640 0.716039
2.860396 0.092255
2.249906 0.217564
2.736130 0.086402
2.678846 0.252012
2.157546 0.852467
2.691693 0.087892
2.891917 0.768430
2.310491 0.629512
2.415013 0.394907
1.594571 3.294530
1.545902 3.118160
1.073877 3.343634
1.124506 3.599889
1.104054 3.800621
1.529500 3.191694
1.607569 3.480804
1.283949 3.857475
1.698369 3.110987
1.034786 3.468124
3.363000 1.192332
3.411500 1.145602
3.280224 1.394326
3.004941 1.590715
3.114747 1.419954
3.076531 1.709319
3.714484 1.622433
3.827479 1.788361
3.056976 1.042893
3.479159 1.161030
1.296101 3.790400
1.552364 3.094704
1.732535 3.681563
1.362523 3.333451
1.358399 3.247445
1.545131 3.062032
1.819590 3.392908
1.801120 3.613500
1.418774 3.428763
1.265847 3.204014
1.223701 3.524292
1.273790 3.114618
1.681312 3.436505
1.441696 3.174987
1.780787 3.121262
1.266520 3.167798
1.002571 3.818883
1.262501 3.735106
1.591355 3.625025
1.159466 3.040663
3.799102 3.896949
3.473873 3.258436
3.163760 3.326588
3.399082 3.776168
3.620998 3.714715
3.351181 3.127580
3.387777 3.093991
3.545823 3.879722
3.099303 3.790082
3.144840 3.729640
3.579824 1.393521
3.007790 1.905492
3.330661 1.841290
3.090259 1.240567
3.728204 1.264597
3.169117 1.663365
3.346102 1.006322
3.634633 1.808646
3.010619 1.805768
3.160637 1.581090
0.796302 0.468044
0.883471 0.594327
0.585920 0.895436
0.726096 0.354242
0.468665 0.293137
0.578778 0.672886
0.785631 0.485192
0.531171 0.090572
0.864441 0.294323
0.524072 0.039435
1.715634 3.470657
1.840095 3.388450
1.712857 3.126223
1.641182 3.211423
1.542830 3.007164
1.744638 3.430041
1.475208 3.719018
1.115277 3.152037
1.705363 3.841374
1.506280 3.264938
3.225420 3.175967
3.028733 3.101961
3.661160 3.559904
3.192533 3.616510
3.854227 3.716605
3.655945 3.660769
3.278170 3.586949
3.140129 3.081936
3.713172 3.781310
3.293359 3.346911
2.345340 0.853603
2.309382 0.461470
2.036443 0.841199
2.516433 0.111513
2.061462 0.306500
2.102005 0.294633
2.096611 0.233339
2.807589 0.824588
2.607477 0.443308
2.323062 0.507859
0.727390 2.355353
0.651090 2.497600
0.673137 2.406251
0.340886 2.507452
0.764367 2.061329
0.639610 2.200617
0.005841 2.039901
0.662087 2.042284
0.881100 2.269429
0.153797 2.033471
0.478934 2.359378
0.899530 2.484775
0.399279 2.652526
0.527059 2.371288
0.012864 2.680856
0.404759 2.588793
0.027567 2.732862
0.352242 2.516709
0.050373 2.031188
0.704236 2.720283
0.238076 2.857347
0.078724 2.265643
0.681118 2.430966
0.782352 2.731492
0.462154 2.577496
0.542684 2.495350
0.158936 2.842085
0.885908 2.177762
0.309114 2.488782
0.131133 2.193747
0.720515 0.783417
0.557314 0.402535
0.517049 0.496565
0.483835 0.903207
0.053785 0.027332
0.393138 0.291861
0.884679 0.471862
0.557504 0.656706
0.902828 0.430764
0.479107 0.455891
0.824098 0.253798
0.014272 0.553799
0.744885 0.580625
0.329195 0.345850
0.673754 0.459399
0.454562 0.424795
0.229067 0.882448
0.617162 0.195515
0.213859 0.858815
0.855306 0.750813
2.234779 0.444045
2.702460 0.047282
2.162683 0.044387
2.768186 0.568724
2.342392 0.573046
2.274750 0.257399
2.826844 0.289022
2.811198 0.662639
2.869646 0.231302
2.099397 0.634310
0.690701 0.553960
0.150014 0.010678
0.527317 0.767176
0.206192 0.741176
0.716900 0.152408
0.582898 0.042588
0.596453 0.376267
0.089871 0.759136
0.420654 0.858057
0.418770 0.763046
1.522012 3.693519
1.111354 3.439766
1.073450 3.013461
1.193314 3.034006
1.244763 3.292711
1.668316 3.026373
1.846671 3.818330
1.037051 3.464897
1.676415 3.243243
1.296982 3.484224
0.195270 0.002937
0.108526 0.132850
0.821267 0.145577
0.597747 0.588591
0.388820 0.894729
0.163724 0.784471
0.865518 0.690537
0.867484 0.303484
0.398129 0.800542
0.162104 0.054687
2.425027 0.616425
2.662399 0.646759
2.103833 0.308847
2.501184 0.651133
2.843294 0.769647
2.301984 0.875124
2.804130 0.722043
2.086540 0.741088
2.806124 0.668461
2.675366 0.661615
3.364124 3.668839
