# name: tr 
# type: matrix
# rows: 2000 
# columns: 2
1.333477 1.192823
1.127297 0.965781
0.247673 1.182841
0.821717 1.429596
0.031217 1.324266
0.078503 1.047064
-0.006418 0.509753
1.463147 1.057369
0.925245 0.820319
-0.410150 1.744133
0.084922 1.661443
0.763765 1.271485
-0.370361 1.035383
0.487309 1.012120
0.461419 0.083119
0.016855 1.821554
0.154976 1.300009
0.348444 0.707004
0.254020 1.652787
0.175369 1.092583
0.885710 1.046049
0.807420 1.223710
0.607705 1.275310
0.134283 1.782646
0.179125 1.725739
1.136469 1.135953
-0.113386 1.313016
1.090908 0.588517
0.336248 0.502341
0.305763 1.323305
0.490193 0.886551
0.779948 1.318192
0.720404 0.600925
0.434279 0.976561
-0.449749 1.538542
-0.844614 1.471667
0.771218 0.972717
0.134661 1.727140
0.510750 0.213135
0.424424 1.024332
-0.190269 0.913388
1.848193 0.329797
1.863220 0.126386
-0.258147 1.103441
0.786217 1.211385
0.403140 1.005061
0.993381 0.856934
-0.314951 1.869842
0.199112 1.376713
0.711236 1.756414
1.309402 1.727407
0.361431 1.327270
1.434009 0.325039
1.044361 0.546004
0.128696 0.864500
0.136735 1.622598
0.499459 0.659387
0.815511 1.043457
-0.170924 0.850916
0.594049 0.832373
0.704963 0.787906
1.095564 0.223420
0.360926 1.333624
0.695510 0.811780
1.166574 0.530587
1.032322 0.942022
0.536309 0.965028
0.573256 0.455341
0.647229 0.881989
0.848294 0.478130
1.796349 0.335058
0.803527 1.355427
0.217465 1.384861
0.490879 1.690546
1.495126 0.751590
0.179121 1.778911
0.078898 0.850111
0.968702 1.341341
0.341703 0.975232
1.113101 0.631480
0.356135 0.946218
0.372062 0.481701
0.145555 1.553991
0.527022 1.153099
0.330318 0.917737
0.125456 0.719752
0.380490 0.379418
-0.107101 1.199956
0.341069 0.919050
0.906011 0.833509
0.959167 0.820588
0.682771 0.964668
1.753071 0.474318
0.951999 0.779795
0.938633 0.835674
0.787189 1.157014
0.685077 0.567813
0.165066 1.040016
0.688798 0.185124
0.291825 1.223429
0.245151 1.119536
0.527381 1.250640
0.808023 0.695567
0.261275 1.426005
0.918872 0.268487
1.007990 0.516320
-0.299534 1.693186
0.690623 0.814585
0.000918 1.057113
-0.226140 1.287047
0.294661 1.120649
0.142273 0.819757
0.815383 0.169303
0.303919 1.119575
0.198091 1.569250
0.512673 1.121736
0.950096 0.849914
0.487938 1.043402
0.416282 1.396680
0.085850 0.718614
0.352392 1.186789
0.305207 0.267279
-0.124732 1.198910
0.325991 1.192239
0.905695 0.689726
1.134832 0.866766
0.526041 1.253464
-0.090348 1.859060
-0.072777 1.485988
1.056669 1.394143
0.377143 1.319841
1.055082 1.348480
0.232181 1.399289
0.989047 1.032040
0.733202 1.276395
0.478044 0.793943
1.035090 0.551114
0.540610 1.004859
1.072455 0.433158
0.346173 0.865200
-0.086977 1.124363
0.250955 1.259690
-0.703756 1.069425
0.276441 0.817068
0.282269 1.386365
0.421501 1.799497
0.553615 1.303756
0.769786 0.943720
0.030159 1.425316
0.926089 1.024033
-0.016442 1.365884
0.629233 0.745476
0.752651 1.276628
0.541931 0.716320
0.746462 0.791695
0.160964 1.157212
0.277708 0.586467
-0.251698 1.694378
0.089186 1.381254
0.244488 1.760913
0.820550 0.658917
0.725820 1.020625
1.746844 0.745520
-0.154226 1.206823
0.612870 0.379216
0.911190 0.241418
0.473315 0.768534
1.441683 0.171414
0.345177 0.789608
-0.206722 1.103100
0.628620 1.185226
-0.833269 1.521518
0.302199 0.989408
0.714178 0.696880
0.641204 1.485252
1.472102 0.610873
1.210446 0.242503
0.229706 0.293446
1.233244 1.003554
-0.383843 1.182189
0.900661 0.645192
0.334042 1.508318
0.745462 0.858820
1.220873 0.364197
0.170163 0.829797
0.489410 0.914156
0.598178 1.092100
-0.384474 1.528697
0.687167 1.268723
-0.191344 1.104228
0.630587 1.125793
0.566368 1.558078
0.032665 0.383805
0.055495 1.195517
0.882646 0.585667
0.725940 0.527043
0.658524 0.856099
-0.048516 1.127659
0.430555 0.764262
0.536143 1.659034
0.335348 0.889123
0.828036 0.334364
0.654059 1.214928
1.550672 0.941954
0.093658 1.126862
0.923280 0.453959
0.000678 1.037875
-0.180052 1.091546
0.479283 1.472107
0.613500 0.637022
0.567330 0.371727
-0.087695 1.083545
-0.113280 1.242200
1.059134 1.551874
0.528777 0.224316
1.236935 0.705716
0.456504 1.106955
1.264223 0.799404
0.864767 0.471691
1.250057 1.321504
0.744365 1.466666
0.378602 1.203471
1.206447 0.629183
0.194500 0.921352
0.356153 1.402018
0.975249 0.207810
0.356837 0.558057
-0.242399 1.453916
-0.128627 1.230950
0.772737 0.877368
0.890732 1.442356
1.187592 0.646035
0.267879 0.851186
0.923569 0.532508
0.700387 0.479396
-0.042237 0.973614
0.485993 1.116515
0.680982 0.340424
1.507226 1.107049
0.282189 0.696054
0.029113 0.702801
0.816982 0.672641
1.013030 0.317965
-0.522630 1.709389
0.125858 0.732257
0.433306 1.636323
-0.409356 1.662104
0.422837 1.540452
0.964788 0.348203
0.696118 0.856366
0.516089 1.100435
0.561482 0.197474
0.519900 1.097184
0.440353 0.775736
0.209779 0.859821
0.320458 1.270924
0.342381 1.213031
0.234832 0.926525
0.771665 1.071084
-0.584060 1.671693
0.397211 0.928026
0.572809 1.058570
0.895487 0.952594
0.009697 0.638997
0.291661 1.084280
0.557548 1.295469
1.079666 0.874793
-0.446254 1.347060
0.178694 1.034098
0.236703 1.797009
1.675330 1.058050
0.447102 0.291916
1.073873 0.298382
1.270202 0.635654
0.807259 1.299315
0.227986 1.428915
-0.624818 1.190043
0.742954 1.020759
0.842990 0.896465
-0.608769 1.525543
-0.158659 1.795431
-0.068686 1.376344
0.489651 0.973695
0.941955 1.370762
-0.590499 1.143804
0.848768 0.988044
0.273338 0.994290
-0.211926 1.344157
0.422652 1.589046
0.326199 1.139713
0.915278 0.510672
0.617327 0.206578
0.056901 0.802945
0.601365 0.274610
0.797515 0.777542
0.654034 1.385856
0.620863 0.894024
0.735019 1.344167
0.553487 0.544425
0.293653 1.044805
1.474006 1.168609
0.243917 1.374646
0.798455 1.062626
1.046272 0.633341
1.375845 0.367134
1.275747 0.945018
1.300901 0.371410
1.175584 0.480926
-0.225503 0.958161
0.302357 1.216942
0.055625 0.305721
0.361390 1.294055
0.983119 1.515111
-0.169086 0.735774
0.199478 1.241044
1.586788 0.531847
0.464000 1.690069
0.809590 0.269126
0.360799 0.066692
0.903202 1.066066
0.196405 1.007862
0.450516 1.333058
-0.618276 1.180894
0.591090 0.161583
0.755647 1.131831
-0.381293 1.333373
1.071156 0.859873
0.730717 0.470045
1.166836 1.177177
1.206019 0.539301
-0.397027 1.446580
-0.286531 1.047983
0.003106 0.661247
0.833761 1.163720
0.564101 1.046284
1.203613 0.938248
0.723543 1.005074
1.405971 0.288141
0.726411 0.090404
1.020708 0.333189
0.683088 1.021176
0.874212 0.455542
1.307943 0.539239
0.007435 0.614672
1.341914 1.228169
1.110755 0.928569
0.257462 1.126196
-0.115479 1.396614
-0.261490 1.374528
0.776553 0.826618
0.039524 0.969197
0.392416 1.362440
1.414833 0.654830
0.856123 0.796425
0.415171 0.951865
-0.734224 1.235289
1.197197 1.278703
0.451854 1.180132
0.147044 1.121832
-0.029214 0.750782
0.498579 1.304547
0.557341 1.539750
0.435048 0.351112
1.290858 1.241424
1.288760 0.975321
0.042897 0.407886
0.481546 0.411153
0.526356 0.974791
0.982696 0.270671
0.523082 1.147939
0.039154 0.809502
0.478416 1.748494
0.211827 0.917773
0.824923 1.293132
0.447518 0.222027
0.440495 0.958240
1.123377 0.990323
0.798160 1.260371
0.429372 1.483496
0.877381 1.004433
0.759515 0.888357
0.625567 1.019122
0.793925 0.972613
-0.199875 1.185759
0.103725 1.770591
0.600819 0.540460
0.874645 0.674422
0.046733 0.913489
1.618485 1.046827
0.959706 0.952173
0.370953 0.621101
-0.148889 1.659187
1.234957 0.214496
0.358014 1.248944
-0.216120 1.783213
-0.129762 1.246614
0.218954 0.052213
0.703965 0.350993
0.097854 1.411549
0.808707 0.800214
-0.167862 1.059182
0.611946 1.522834
0.921206 0.583439
0.052480 1.036999
0.145217 0.983183
0.165506 0.149366
1.447999 0.807584
-0.605628 1.847120
1.283692 1.093422
-0.405343 0.940752
-0.415100 1.279636
0.217510 1.426351
0.428635 0.960617
0.546865 1.522219
0.489886 1.135204
0.419649 1.434716
0.275351 0.952284
1.790314 0.548975
0.668050 0.991748
0.225699 1.249205
0.226418 1.050541
1.304453 0.621323
0.542897 1.293252
-0.157013 1.400276
0.789293 1.730530
0.167045 0.467195
-0.604108 1.434293
0.389769 0.804457
0.480357 1.276016
0.312134 1.203826
0.461852 0.170490
1.497674 1.020195
0.625774 1.881651
0.136019 0.831745
0.205217 0.391711
0.487446 1.389502
0.448930 1.055979
